countFreq: 1 
blockStart: 1822855680 
wfmStart[0]: 1822855680
wfmLength[0]: 15478
arrPeriod[0]: 1.799980e+001
arrPhase[0]: 0.000000e+000
arrAmp[0]: 1.000000e+000
arrShape[0]: 0
